Sensitivity: 0.937360
Specificity: 1.000000
