Sensitivity: 0.937196
Specificity: 0.885609
